2020-04-05 17:35:04,863 : INFO : loading projection weights from model.bin
2020-04-05 17:35:13,201 : INFO : loaded (189193, 300) matrix from model.bin
word2vec model 'model.bin' loaded
кластеров после иерархической кластеризации: 37
получилось так:  [36 20 22 11 19  8 12 22  5 18 11 10 13  3  8  6  9  8  3  6 10 14  5 15
  6  7 12 21 12 13 22  7 17 35 14 35  7  2 35  1 23 35  1 23 35 23 23 17
  8 23  4 23 31 22  4  2 34 33 33 34 25 24 26 25 24 24 24 26 34 24  9 28
 26 30 34 32 27 16 30 34 29 32 29 30 29 29 30 30 29 29 29 29 29 29 29 37
 30]
кластеров для к-средних: 10
получилось так:  [3 1 9 6 4 3 8 0 3 1 3 0 6 8 3 2 3 0 0 3 2 7 5 3 4 0 6 8 3 5 2 1 3 8 0 0 3
 3 3 2 3 0 4 8 8 8 8 1 8 3 2 4 3 8 3 8 1 2 8 3 6 3 3 8 4 2 3 3 3 8 6 3 6 3
 8 2 0 4 3 7 3 3 3 1 2 8 8 3 8 0 8 7 5 8 3 0 7 4]
центры:  [[ 0.39213338 -0.36542024  2.13596752 ... -2.58745252  1.47098606
   3.25922812]
 [ 1.54828661 -2.17497957  0.35387329 ... -1.65682354  0.62319693
   2.31495518]
 [ 1.0334986  -3.0738141  -0.00847712 ... -1.14005524 -0.37829774
   1.75447908]
 ...
 [ 0.12784509 -1.7513012   3.3107875  ... -0.68061918  0.40697882
   0.25859065]
 [ 1.43664225 -2.05178845  2.19428117 ... -0.97375535  0.10397258
   1.0019191 ]
 [ 2.3303976  -5.101736    2.4669027  ... -1.8122685   3.9921253
  -0.05870676]]
